PCnum:     5.39781E16
EC(PC):      2.323319E8
