PCnum:     1.995048E17
EC(PC):      4.466596E8
