PCnum:     9.903494E16
EC(PC):      3.146982E8
