PCnum:     2.301154E17
EC(PC):      4.797034E8
