PCnum:     8.711683E17
EC(PC):      9.333639E8
