PCnum:     6.44621E16
EC(PC):      2.538939E8
