PCnum:     1.329525E17
EC(PC):      3.646266E8
