PCnum:     3.311867E17
EC(PC):      5.754883E8
