PCnum:     1.502874E17
EC(PC):      3.876691E8
