PCnum:     1.630566E17
EC(PC):      4.038027E8
